src/myComponents/map/layers/gfs2.js
export default [{"header":{"discipline":0,"disciplineName":"Meteorological products","gribEdition":2,"gribLength":258,"center":7,"centerName":"US National Weather Service - NCEP(WMC)","subcenter":0,"refTime":"2023-05-20T18:00:00.000Z","significanceOfRT":1,"significanceOfRTName":"Start of forecast","productStatus":0,"productStatusName":"Operational products","productType":1,"productTypeName":"Forecast products","productDefinitionTemplate":0,"productDefinitionTemplateName":"Analysis/forecast at horizontal level/layer at a point in time","parameterCategory":2,"parameterCategoryName":"Momentum","parameterNumber":2,"parameterNumberName":"U-component_of_wind","parameterUnit":"m.s-1","genProcessType":2,"genProcessTypeName":"Forecast","forecastTime":0,"surface1Type":103,"surface1TypeName":"Specified height level above ground","surface1Value":10.0,"surface2Type":255,"surface2TypeName":"Missing","surface2Value":0.0,"gridDefinitionTemplate":0,"gridDefinitionTemplateName":"Latitude_Longitude","numberPoints":63,"shape":6,"shapeName":"Earth spherical with radius of 6,371,229.0 m","gridUnits":"degrees","resolution":48,"winds":"true","scanMode":64,"nx":7,"ny":9,"basicAngle":0,"lo1":115.75,"la1":41.25,"lo2":117.25,"la2":43.25,"dx":0.25,"dy":0.25},"data":[0.48168457,3.4916847,3.0016847,3.1316845,3.8816845,3.3416846,3.2716846,2.7916846,2.3716846,2.7516847,4.5316844,4.0016847,3.6116846,4.0916843,2.9716845,3.0616846,4.631685,3.4716845,3.8316846,3.1116846,2.4216845,9.211684,6.7016845,2.6116846,2.9416845,2.3116846,0.37168458,0.86168456,2.8716846,3.1216846,3.8216846,3.3616846,2.6016846,-0.5983154,0.05168457,3.6816845,4.0616846,2.4416845,2.6616845,2.0216846,1.6316845,0.11168457,3.3316846,2.6816845,1.6916846,1.9016845,2.0216846,1.4616846,2.5816846,1.9716846,1.4216846,1.9416846,3.1716845,2.5216846,2.8316846,3.1816845,2.5016847,2.3216846,4.111685,3.4416845,3.1416845,4.5016847,3.2116845]},{"header":{"discipline":0,"disciplineName":"Meteorological products","gribEdition":2,"gribLength":258,"center":7,"centerName":"US National Weather Service - NCEP(WMC)","subcenter":0,"refTime":"2023-05-20T18:00:00.000Z","significanceOfRT":1,"significanceOfRTName":"Start of forecast","productStatus":0,"productStatusName":"Operational products","productType":1,"productTypeName":"Forecast products","productDefinitionTemplate":0,"productDefinitionTemplateName":"Analysis/forecast at horizontal level/layer at a point in time","parameterCategory":2,"parameterCategoryName":"Momentum","parameterNumber":3,"parameterNumberName":"V-component_of_wind","parameterUnit":"m.s-1","genProcessType":2,"genProcessTypeName":"Forecast","forecastTime":0,"surface1Type":103,"surface1TypeName":"Specified height level above ground","surface1Value":10.0,"surface2Type":255,"surface2TypeName":"Missing","surface2Value":0.0,"gridDefinitionTemplate":0,"gridDefinitionTemplateName":"Latitude_Longitude","numberPoints":63,"shape":6,"shapeName":"Earth spherical with radius of 6,371,229.0 m","gridUnits":"degrees","resolution":48,"winds":"true","scanMode":64,"nx":7,"ny":9,"basicAngle":0,"lo1":115.75,"la1":41.25,"lo2":117.25,"la2":43.25,"dx":0.25,"dy":0.25},"data":[-4.706145,-6.706145,-4.426145,-5.416145,-5.596145,-4.416145,-3.486145,-4.986145,-2.506145,-4.166145,-6.166145,-4.316145,-4.076145,-3.426145,-2.826145,-2.836145,-5.046145,-2.536145,-2.906145,-3.516145,-2.436145,-3.736145,-4.4961452,-2.586145,-1.206145,-0.996145,-1.6761451,-2.266145,-1.706145,-2.276145,-4.296145,-3.046145,-3.276145,-0.616145,-1.876145,-1.136145,-3.046145,-1.1761451,-0.95614505,-1.596145,-2.546145,-2.576145,-3.476145,-2.556145,-1.406145,-1.796145,-1.606145,-1.946145,-3.336145,-4.186145,-3.156145,-1.756145,-1.826145,-1.5561451,-2.856145,-3.256145,-3.886145,-3.486145,-3.556145,-2.846145,-3.3761451,-4.756145,-2.8661451]}]